%YAML:1.0
---
# Format:
# - [ <id>, [ <x>, <y>, <theta> ]
# in millimeters and radians
labels:
    - [1,  [ 500.0 ,  500.0 , 0]]
    - [2,  [ 500.0 , 1473.0 , 0]]
    - [3,  [ 500.0 , 2446.0 , 0]]
    - [4,  [1500.0 ,  500.0 , 0]]
    - [5,  [1500.0 , 1473.0 , 0]]
    - [6,  [1499.0 , 2446.0 , 0]]
    - [7,  [2500.0 ,  500.0 , 0]]
    - [8,  [2499.0 , 1474.0 , 0]]
    - [9,  [2497.0 , 2444.0 , 0]]
    - [10, [3500.0 ,  500.0 , 0]]
    - [11, [3497.0 , 1473.0 , 0]]
    - [12, [3495.0 , 2444.0 , 0]]
    - [13, [4500.0 ,  500.0 , 0]]
    - [14, [4497.0 , 1473.0 , 0]]
    - [15, [4497.0 , 2446.0 , 0]]
    - [101, [0.0 , 0.0 , 0]]
    - [102, [1000.0 , 0.6 , 0]]
    - [103, [2000.0 , 1.2 , 0]]
    - [104, [3000.0 , 1.8 , 0]]
    - [105, [4000.0 , 2.4 , 0]]
    - [106, [5008.0 , 3.0 , 0]]
    - [107, [6008.0 , 3.2 , 0]]
    - [108, [7008.0 , 3.4 , 0]]
    - [109, [8008.0 , 3.6 , 0]]
    - [110, [9008.0 , 3.8 , 0]]
    - [111, [10009.0 , 4.0 , 0]]
    - [112, [11009.0 , 4.2 , 0]]
    - [113, [12009.0 , 4.4 , 0]]
    - [114, [13009.0 , 4.6 , 0]]
    - [115, [14009.0 , 4.8 , 0]]
    - [116, [15008.0 , 5.0 , 0]]
    - [117, [16008.0 , 7.8 , 0]]
    - [118, [17008.0 , 10.6 , 0]]
    - [119, [18008.0 , 13.4 , 0]]
    - [120, [19008.0 , 16.2 , 0]]
    - [121, [20011.0 , 19.0 , 0]]
    - [122, [21011.0 , 16.8 , 0]]
    - [123, [22011.0 , 14.6 , 0]]
    - [124, [23011.0 , 12.4 , 0]]
    - [125, [24011.0 , 10.2 , 0]]
    - [126, [25010.0 , 8.0 , 0]]
    - [127, [26010.0 , 8.2 , 0]]
    - [128, [27010.0 , 8.4 , 0]]
    - [129, [28010.0 , 8.6 , 0]]
    - [130, [29007.0 , 8.8 , 0]]
    - [131, [30010.0 , 9.0 , 0]]
    - [132, [0.0 , 1000.0 , 0]]
    - [133, [0.0 , 2000.0 , 0]]
    - [134, [0.0 , 3000.0 , 0]]
    - [135, [0.0 , 4000.0 , 0]]
    - [136, [5006.4 , 1003.0 , 0]]
    - [137, [5004.8 , 2003.0 , 0]]
    - [138, [5003.2 , 3003.0 , 0]]
    - [139, [5001.6 , 4003.0 , 0]]
    - [140, [10007.0 , 1004.0 , 0]]
    - [141, [10005.0 , 2004.0 , 0]]
    - [142, [10003.0 , 3004.0 , 0]]
    - [143, [10001.0 , 4004.0 , 0]]
    - [144, [15007.2 , 1005.0 , 0]]
    - [145, [15006.4 , 2005.0 , 0]]
    - [146, [15005.6 , 3005.0 , 0]]
    - [147, [15004.8 , 4005.0 , 0]]
    - [148, [21009.4 , 1019.0 , 0]]
    - [149, [21007.8 , 2019.0 , 0]]
    - [150, [21006.2 , 3019.0 , 0]]
    - [151, [21004.6 , 4019.0 , 0]]
    - [152, [27010.0 , 1019.0 , 0]]
    - [153, [27010.0 , 2019.0 , 0]]
    - [154, [27010.0 , 4019.0 , 0]]
    - [155, [27010.0 , 3019.0 , 0]]
    - [156, [30011.6 , 1008.0 , 0]]
    - [157, [30013.2 , 2008.0 , 0]]
    - [158, [30014.8 , 3008.0 , 0]]
    - [159, [30016.4 , 4008.0 , 0]]
    - [161, [0.0 , 4999.0 , 0]]
    - [162, [1000.0 , 5000.0 , 0]]
    - [163, [2000.0 , 5001.0 , 0]]
    - [164, [3000.0 , 5002.0 , 0]]
    - [165, [4000.0 , 5003.0 , 0]]
    - [166, [5000.0 , 5004.0 , 0]]
    - [167, [6000.0 , 5005.2 , 0]]
    - [168, [7000.0 , 5006.4 , 0]]
    - [169, [8000.0 , 5007.6 , 0]]
    - [170, [9000.0 , 5008.8 , 0]]
    - [171, [9999.0 , 5010.0 , 0]]
    - [172, [10999.0 , 5011.8 , 0]]
    - [173, [11999.0 , 5013.6 , 0]]
    - [174, [12999.0 , 5015.4 , 0]]
    - [175, [13999.0 , 5017.2 , 0]]
    - [176, [15004.0 , 5019.0 , 0]]
    - [177, [16004.0 , 5018.6 , 0]]
    - [178, [17004.0 , 5018.2 , 0]]
    - [179, [18004.0 , 5017.8 , 0]]
    - [180, [19004.0 , 5017.4 , 0]]
    - [181, [20010.0 , 5017.0 , 0]]
    - [182, [21003.0 , 5017.0 , 0]]
    - [183, [22003.0 , 5017.0 , 0]]
    - [184, [23003.0 , 5017.0 , 0]]
    - [185, [24003.0 , 5017.0 , 0]]
    - [186, [25010.0 , 5017.0 , 0]]
    - [187, [26010.0 , 5017.2 , 0]]
    - [188, [27010.0 , 5017.4 , 0]]
    - [189, [28010.0 , 5017.6 , 0]]
    - [190, [29010.0 , 5017.8 , 0]]
    - [160, [30018.0 , 5018.0 , 0]]
    - [191, [3.2 , 5999.0 , 0]]
    - [192, [6.4 , 6999.0 , 0]]
    - [193, [9.6 , 7999.0 , 0]]
    - [194, [12.8 , 8999.0 , 0]]
    - [195, [3000.2 , 6003.0 , 0]]
    - [196, [3000.4 , 7003.0 , 0]]
    - [197, [3000.6 , 8003.0 , 0]]
    - [198, [3000.8 , 9003.0 , 0]]
    - [199, [15002.8 , 6019.0 , 0]]
    - [200, [15001.6 , 7019.0 , 0]]
    - [201, [15000.4 , 8019.0 , 0]]
    - [202, [14999.2 , 9019.0 , 0]]
    - [203, [27009.7 , 6017.6 , 0]]
    - [204, [27009.4 , 7017.6 , 0]]
    - [205, [27009.0 , 8017.6 , 0]]
    - [206, [27008.7 , 9017.6 , 0]]
    - [207, [16.0 , 10022.0 , 0]]
    - [208, [1011.0 , 10017.6 , 0]]
    - [209, [2006.0 , 10013.3 , 0]]
    - [210, [3001.0 , 10009.0 , 0]]
    - [211, [4000.8 , 10009.8 , 0]]
    - [212, [5000.5 , 10010.7 , 0]]
    - [213, [6000.3 , 10011.5 , 0]]
    - [214, [7000.0 , 10012.3 , 0]]
    - [215, [7999.8 , 10013.2 , 0]]
    - [216, [8999.5 , 10014.0 , 0]]
    - [217, [9999.3 , 10014.8 , 0]]
    - [218, [10999.0 , 10015.7 , 0]]
    - [219, [11998.8 , 10016.5 , 0]]
    - [220, [12998.5 , 10017.3 , 0]]
    - [221, [13998.3 , 10018.2 , 0]]
    - [222, [14998.0 , 10019.0 , 0]]
    - [223, [15998.9 , 10018.3 , 0]]
    - [224, [16999.7 , 10017.7 , 0]]
    - [225, [18000.6 , 10017.0 , 0]]
    - [226, [19001.5 , 10016.3 , 0]]
    - [227, [20002.3 , 10015.7 , 0]]
    - [228, [21003.2 , 10015.0 , 0]]
    - [229, [22004.1 , 10014.3 , 0]]
    - [230, [23004.9 , 10013.7 , 0]]
    - [231, [24005.8 , 10013.0 , 0]]
    - [232, [25006.7 , 10012.4 , 0]]
    - [233, [26007.5 , 10011.7 , 0]]
    - [234, [27008.4 , 10011.0 , 0]]
    - [235, [28009.3 , 10010.4 , 0]]
    - [236, [29010.1 , 10009.7 , 0]]
    - [237, [30011.0 , 10009.0 , 0]]
    - [249, [28010.0 , 4019.0 , 0]]
    - [250, [29010.0 , 4019.0 , 0]]
    - [251, [26006.2 , 3019.0 , 0]]
    - [252, [25006.2 , 3019.0 , 0]]
    - [253, [24006.2 , 3019.0 , 0]]
    - [254, [23006.2 , 3019.0 , 0]]
    - [255, [22006.2 , 3019.0 , 0]]
    - [256, [20005.6 , 3005.0 , 0]]
    - [257, [19005.6 , 3005.0 , 0]]
    - [258, [18005.6 , 3005.0 , 0]]
    - [259, [17005.6 , 3005.0 , 0]]
    - [260, [16005.6 , 3005.0 , 0]]
    - [1026, [30156.4 , 3008.9 , 0]]
    - [1027, [30314.4 , 3008.8 , 0]]
    - [1028, [30474.4 , 3008.7 , 0]]
    - [1029, [30633.4 , 3008.5 , 0]]
    - [1030, [30793.4 , 3009.4 , 0]]
    - [1031, [30952.4 , 3009.3 , 0]]
    - [1032, [31112.4 , 3009.2 , 0]]
    - [1033, [31293.4 , 3010.0 , 0]]
    - [1034, [31434.4 , 3009.9 , 0]]
    - [1035, [31589.4 , 3008.8 , 0]]
    - [1036, [31749.4 , 3008.6 , 0]]
    - [1037, [31911.4 , 3010.5 , 0]]
    - [1038, [32071.4 , 3010.5 , 0]]
    - [1039, [32230.4 , 3010.5 , 0]]
    - [1040, [10668.2 , 10258.5 , 0]]
    - [1041, [10508.2 , 10259.6 , 0]]
    - [1042, [10671.4 , 10518.5 , 0]]
    - [1043, [10511.4 , 10520.6 , 0]]
    - [1044, [20573.3 , 10369.6 , 0]]
    - [1045, [18587.3 , 10373.1 , 0]]
