%YAML:1.0

camera_matrix: !!opencv-matrix
   rows: 3
   cols: 3
   dt: d
   data: [ 7.299354195987410e+02  , 0.00000000e+00  , 6.227678977215339e+02,
     0.00000000e+00  , 7.280948307641870e+02 , 3.460383189764353e+02,
     0.00000000e+00  , 0.00000000e+00  , 1.00000000e+00]
distortion_coefficients: !!opencv-matrix
   rows: 1
   cols: 5
   dt: d
   data: [-0.255483163917393, 0.093143374179121, -3.859564840181068e-04, -2.353092092572741e-04, -0.019093681222227]
camera_extrinsics: !!opencv-matrix
   rows: 4
   cols: 4
   dt: d 
   data: [      -0.998256626442315,  -0.009570252771093,  -0.058241892361988,    4.758206017985163,
                -0.009547078642969,   0.999954197010378,  -0.000676144005582,   -0.036031478726908,
                0.058245695578240,  -0.000118925307307,  -0.998302271260252,  77.353887770807120,
                0., 0., 0., 1. ]

#data: [0.002541023427166889, 0.9999839677814565, -0.005060373503738724, 0.2991676817974064,
#     0.9858187571158289, -0.003354071795250047, -0.1677799997645559, -0.07906581480065857,
#     -0.1677942827349748, -0.004562278207985757, -0.985811475029079, 131.3243620490857,
#          0, 0, 0, 1]