%YAML:1.0

camera_matrix: !!opencv-matrix
   rows: 3
   cols: 3
   dt: d
   data: [7.341162371586576e+02  , 0.00000000e+00  , 4.940395202734752e+02,
     0.00000000e+00  , 7.384616962537556e+02 , 2.541318862410895e+02,
     0.00000000e+00  , 0.00000000e+00  , 1.00000000e+00]
distortion_coefficients: !!opencv-matrix
   rows: 1
   cols: 5
   dt: d
   data: [-0.060942912505525, 0.497591580533792, -0.005176921449152, -0.001104840934731, -0.984880651305476]
camera_extrinsics: !!opencv-matrix
   rows: 4
   cols: 4
   dt: d 
   data: [-0.9991329779970, -0.0094976018113, 0.0405350199047, -2.2972419406692, -0.0100760937391,0.9998499461016,-0.0140910473545,1.5658758978637, -0.0403951063101,-0.0144872647667,-0.9990787529248,128.9388398967501, 0, 0, 0, 1.0000000000000]